% IEEE68 BUS SYSTEM 16 GENERATORS
% The original data source of the test system is:
%   https://electricgrids.engr.tamu.edu/electric-grid-test-cases/
%
% The dynamic parameters were compared and adjusted accordingly to IEEE PES-TR18
% Benchmark Systems for Small-Signal Stability Analysis and Control 
%   https://resourcecenter.ieee-pes.org/technical-publications/technical-reports/PESTR18.html
%
% Timon Viola @ https://github.com/timonviola
%
Bus.con = [ ...
% bus no.  Vbase      V0       Th0   area no.  Reg no.
   1       1      1.045     0.00  1  1;
   2       1      0.98      0.00  1  1;
   3       1      0.983     0.00  1  1;
   4       1      0.997     0.00  1  1;
   5       1      1.011     0.00  1  1;
   6       1      1.050     0.00  1  1;
   7       1      1.063     0.00  1  1;
   8       1      1.03      0.00  1  1;
   9       1      1.025     0.00  1  1;
  10       1      1.010     0.00  1  1;
  11       1      1.000     0.00  1  1;
  12       1      1.0156    0.00  1  1;
  13       1      1.011     0.00  1  1;
  14       1      1.00      0.00  1  1;
  15       1      1.000     0.00  1  1;
  16       1      1.000     0.00  1  1;
  17       1      1.00      0.00  1  1;
  18       1      1.00      0.00  1  1;
  19       1      1.00      0.00  1  1;
  20       1      1.00      0.00  1  1;
  21       1      1.00      0.00  1  1;
  22       1      1.00      0.00  1  1;
  23       1      1.00      0.00  1  1;
  24       1      1.00      0.00  1  1;
  25       1      1.00      0.00  1  1;
  26       1      1.00      0.00  1  1;
  27       1      1.00      0.00  1  1;
  28       1      1.00      0.00  1  1;
  29       1      1.00      0.00  1  1;
  30       1      1.00      0.00  1  1;
  31       1      1.00      0.00  1  1;
  32       1      1.00      0.00  1  1;
  33       1      1.00      0.00  1  1;
  34       1      1.00      0.00  1  1;
  35       1      1.00      0.00  1  1;
  36       1      1.00      0.00  1  1;
  37       1      1.00      0.00  1  1;
  38       1      1.00      0.00  1  1;
  39       1      1.00      0.00  1  1;
  40       1      1.00      0.00  1  1;
  41       1      1.00      0.00  1  1;
  42       1      1.00      0.00  1  1;
  43       1      1.00      0.00  1  1;
  44       1      1.00      0.00  1  1;
  45       1      1.00      0.00  1  1;
  46       1      1.00      0.00  1  1;
  47       1      1.00      0.00  1  1;
  48       1      1.00      0.00  1  1;
  49       1      1.00      0.00  1  1;
  50       1      1.00      0.00  1  1;
  51       1      1.00      0.00  1  1;
  52       1      1.00      0.00  1  1;
  53       1      1.00      0.00  1  1;
  54       1      1.00      0.00  1  1;
  55       1      1.00      0.00  1  1;
  56       1      1.00      0.00  1  1;
  57       1      1.00      0.00  1  1;
  58       1      1.00      0.00  1  1;
  59       1      1.00      0.00  1  1;
  60       1      1.00      0.00  1  1;
  61       1      1.00      0.00  1  1;
  62       1      1.00      0.00  1  1;
  63       1      1.00      0.00  1  1;
  64       1      1.00      0.00  1  1;
  65       1      1.00      0.00  1  1;
  66       1      1.00      0.00  1  1;
  67       1      1.00      0.00  1  1;
  68       1      1.00      0.00  1  1;
];

Line.con =[...
% Fb    Tb   S rating    V rating f[Hz]  length (0 if pu) -        r           x           b    -       -         Imax     Pmax    Smax    u(connection stat)
   01   54   100           1        60       0     0                   0    0.0181         0    1;
   02   58   100           1        60       0     0                   0    0.0250         0    1;
   03   62   100           1        60       0     0                   0    0.0200         0    1;
   04   19   100           1        60       0     0              0.0007    0.0142         0    1;
   05   20   100           1        60       0     0              0.0009    0.0180         0    1;
   06   22   100           1        60       0     0                   0    0.0143         0    1;
   07   23   100           1        60       0     0              0.0005    0.0272         0    1;
   08   25   100           1        60       0     0              0.0006    0.0232         0    1;
   09   29   100           1        60       0     0              0.0008    0.0156         0    1;
   10   31   100           1        60       0     0                   0    0.0260         0    1;
   11   32   100           1        60       0     0                   0    0.0130         0    1;
   12   36   100           1        60       0     0                   0    0.0075         0    1;
   13   17   100           1        60       0     0                   0    0.0033         0    1;
   14   41   100           1        60       0     0                   0    0.0015         0    1;
   15   42   100           1        60       0     0                   0    0.0015         0    1;
   16   18   100           1        60       0     0                   0    0.0030         0    1;
   17   36   100           1        60       0     0              0.0005    0.0045    0.3200    1;
   18   49   100           1        60       0     0              0.0076    0.1141    1.1600    1;
   18   50   100           1        60       0     0              0.0012    0.0288    2.0600    1;
   19   68   100           1        60       0     0              0.0016    0.0195    0.3040    1;
   20   19   100           1        60       0     0              0.0007    0.0138         0    1;
   21   68   100           1        60       0     0              0.0008    0.0135    0.2548    1;
   22   21   100           1        60       0     0              0.0008    0.0140    0.2565    1;
   23   22   100           1        60       0     0              0.0006    0.0096    0.1846    1;
   24   23   100           1        60       0     0              0.0022    0.0350    0.3610    1;
   24   68   100           1        60       0     0              0.0003    0.0059    0.0680    1;
   25   54   100           1        60       0     0              0.0070    0.0086    0.1460    1;
   26   25   100           1        60       0     0              0.0032    0.0323    0.5310    1;
   27   37   100           1        60       0     0              0.0013    0.0173    0.3216    1;
   27   26   100           1        60       0     0              0.0014    0.0147    0.2396    1;
   28   26   100           1        60       0     0              0.0043    0.0474    0.7802    1;
   29   26   100           1        60       0     0              0.0057    0.0625    1.0290    1;
   29   28   100           1        60       0     0              0.0014    0.0151    0.2490    1;
   30   53   100           1        60       0     0              0.0008    0.0074    0.4800    1;
   30   61   100           1        60       0     0              0.00095   0.00915   0.5800    1;
   31   30   100           1        60       0     0              0.0013    0.0187    0.3330    1;
   31   53   100           1        60       0     0              0.0016    0.0163    0.2500    1;
   32   30   100           1        60       0     0              0.0024    0.0288    0.4880    1;
   33   32   100           1        60       0     0              0.0008    0.0099    0.1680    1;
   34   33   100           1        60       0     0              0.0011    0.0157    0.2020    1;
   34   35   100           1        60       0     0              0.0001    0.0074         0    1;
   36   34   100           1        60       0     0              0.0033    0.0111    1.4500    1;
   36   61   100           1        60       0     0              0.0011    0.0098    0.6800    1;
   37   68   100           1        60       0     0              0.0007    0.0089    0.1342    1;
   38   31   100           1        60       0     0              0.0011    0.0147    0.2470    1;
   38   33   100           1        60       0     0              0.0036    0.0444    0.6930    1;
