% IEEE39 BUS test system 10 GENERATORS
% The original data source of the test system is:
%   https://electricgrids.engr.tamu.edu/electric-grid-test-cases/
%
% The dynamic parameters were compared and adjusted accordingly to IEEE PES-TR18
% Benchmark Systems for Small-Signal Stability Analysis and Control 
%   https://resourcecenter.ieee-pes.org/technical-publications/technical-reports/PESTR18.html
% 
% Timon Viola @ https://github.com/timonviola/PSDC
%
Bus.con = [ ...
      1      345    1.039  -0.2363    2    1;
      2      345    1.048  -0.1708    2    1;
      3      345    1.031  -0.2143    2    1;
      4      345    1.004  -0.2204    1    1;
      5      345    1.006  -0.1953    1    1;
      6      345    1.008  -0.1817    1    1;
      7      345   0.9984  -0.2226    1    1;
      8      345   0.9979  -0.2328    1    1;
      9      345    1.038  -0.2475    1    1;
     10      345    1.018  -0.1426    1    1;
     11      345    1.013   -0.156    1    1;
     12      345    1.001  -0.1571    1    1;
     13      345    1.015  -0.1559    1    1;
     14      345    1.012   -0.187    1    1;
     15      345    1.016   -0.198    3    1;
     16      345    1.033  -0.1751    3    1;
     17      345    1.034   -0.194    2    1;
     18      345    1.032  -0.2092    2    1;
     19      345     1.05 -0.09442    3    1;
     20      345    0.991  -0.1191    3    1;
     21      345    1.032  -0.1331    3    1;
     22      345     1.05 -0.05556    3    1;
     23      345    1.045 -0.05901    3    1;
     24      345    1.038   -0.173    3    1;
     25      345    1.058  -0.1461    2    1;
     26      345    1.053  -0.1647    2    1;
     27      345    1.038  -0.1983    2    1;
     28      345     1.05  -0.1035    3    1;
     29      345     1.05 -0.05532    3    1;
     30      345     1.05  -0.1286    2    1;
     31      345    0.982        0    1    1;
     32      345   0.9841 -0.003289    1    1;
     33      345   0.9972 -0.003372    3    1;
     34      345    1.012 -0.02847    3    1;
     35      345    1.049  0.03101    3    1;
     36      345    1.064  0.07799    3    1;
     37      345    1.028 -0.02763    2    1;
     38      345    1.026  0.06794    3    1;
     39      345     1.03  -0.2537    1    1;
   ];

SW.con = [ ...
     31      100      345    0.982        0        3       -1     1.06     0.94    6.779 1 1  1;
   ];

PV.con = [ ...
  30      100      345      2.5     1.05        4      1.4     1.06     0.94 1  1;
  32      100      345      6.5   0.9841        3      1.5     1.06     0.94 1  1;
  33      100      345     6.32   0.9972      2.5        0     1.06     0.94 1  1;
  34      100      345     5.08    1.012     1.67        0     1.06     0.94 1  1;
  35      100      345      6.5    1.049        3       -1     1.06     0.94 1  1;
  36      100      345      5.6    1.064      2.4        0     1.06     0.94 1  1;
  37      100      345      5.4    1.028      2.5        0     1.06     0.94 1  1;
  38      100      345      8.3    1.026        3     -1.5     1.06     0.94 1  1;
  39      100      345       10     1.03        3       -1     1.06     0.94 1  1;
   ];


% PQ IEEE benchmark
   PQ.con = [ ...
   % Nb Srating Vrating    Pload   Qload     Vmax     Vmin z u
      1 100      345       0           0       1.06     0.94 0 1;
      3 100      345       3.22   0.024   1.06     0.94 0 1;
      4 100      345       5      1.84    1.06     0.94 0 1;
      7 100      345       2.338  0.84    1.06     0.94 0 1;
      8 100      345       5.22   1.766   1.06     0.94 0 1;
      9 100      345       0        0         1.06     0.94 0 1;
     12 100      345       0.075  0.88    1.06     0.94 0 1;
     15 100      345       3.2    1.53    1.06     0.94 0 1;
     16 100      345       3.29   0.323   1.06     0.94 0 1;
     18 100      345       1.58   0.3     1.06     0.94 0 1;
     20 100      345       6.28   1.03    1.06     0.94 0 1;
     21 100      345       2.74   1.15    1.06     0.94 0 1;
     23 100      345       2.74   0.846   1.06     0.94 0 1;
     24 100      345       3.086  -0.922  1.06     0.94 0 1;
     25 100      345       2.24   0.472   1.06     0.94 0 1;
     26 100      345       1.39   0.17    1.06     0.94 0 1;
     27 100      345       2.81   0.755   1.06     0.94 0 1;
     28 100      345       2.06   0.276   1.06     0.94 0 1;
     29 100      345       2.835  0.269   1.06     0.94 0 1;
     31 100      345       0.092  0.046   1.06     0.94 0 1;
     39 100      345       11.04  2.5     1.06     0.94 0 1;
      2 100      345        0        0     1.06     0.94 0 1;
      5 100      345        0        0     1.06     0.94 0 1;
      6 100      345        0        0     1.06     0.94 0 1;
     10 100      345        0        0     1.06     0.94 0 1;
     11 100      345        0        0     1.06     0.94 0 1;
     13 100      345        0        0     1.06     0.94 0 1;
     14 100      345        0        0     1.06     0.94 0 1;
     17 100      345        0        0     1.06     0.94 0 1;
     19 100      345        0        0     1.06     0.94 0 1;
     22 100      345        0        0     1.06     0.94 0 1;
      ];
% PQ original MATPOWER
% PQ.con = [ ...
% % Nb Srating Vrating  Pload   Qload     Vmax     Vmin z u
%    1 100      345    0.976    0.442     1.06     0.94 0 1;
%    3 100      345     3.22    0.024     1.06     0.94 0 1;
%    4 100      345        5     1.84     1.06     0.94 0 1;
%    7 100      345    2.338     0.84     1.06     0.94 0 1;
%    8 100      345     5.22    1.766     1.06     0.94 0 1;
%    9 100      345    0.065   -0.666     1.06     0.94 0 1;
%   12 100      345   0.0853     0.88     1.06     0.94 0 1;
%   15 100      345      3.2     1.53     1.06     0.94 0 1;
%   16 100      345     3.29    0.323     1.06     0.94 0 1;
%   18 100      345     1.58      0.3     1.06     0.94 0 1;
%   20 100      345      6.8     1.03     1.06     0.94 0 1;
%   21 100      345     2.74     1.15     1.06     0.94 0 1;
%   23 100      345    2.475    0.846     1.06     0.94 0 1;
%   24 100      345    3.086   -0.922     1.06     0.94 0 1;
%   25 100      345     2.24    0.472     1.06     0.94 0 1;
%   26 100      345     1.39     0.17     1.06     0.94 0 1;
%   27 100      345     2.81    0.755     1.06     0.94 0 1;
%   28 100      345     2.06    0.276     1.06     0.94 0 1;
%   29 100      345    2.835    0.269     1.06     0.94 0 1;
%   31 100      345    0.092    0.046     1.06     0.94 0 1;
%   39 100      345    11.04      2.5     1.06     0.94 0 1;
%    2 100      345        0        0     1.06     0.94 0 1;
%    5 100      345        0        0     1.06     0.94 0 1;
%    6 100      345        0        0     1.06     0.94 0 1;
%   10 100      345        0        0     1.06     0.94 0 1;
%   11 100      345        0        0     1.06     0.94 0 1;
%   13 100      345        0        0     1.06     0.94 0 1;
%   14 100      345        0        0     1.06     0.94 0 1;
%   17 100      345        0        0     1.06     0.94 0 1;
%   19 100      345        0        0     1.06     0.94 0 1;
%   22 100      345        0        0     1.06     0.94 0 1;
%    ];

