% 189 BUS 35 GENERATORS
% File generated by PSAT from PSS/E data file.
% ------------------------------------------------------------------------------
% Author:   Federico Milano
% E-mail:   fmilano@thunderbox.uwaterloo.ca
% Web-site: http://thunderbox.uwaterloo.ca/~fmilano
% Coauthor: Juan Carlos Morataya
% E-mail:   jc.morataya@ieee.org
% ------------------------------------------------------------------------------
% LANDSNET - LANGTIMAAAETLUN
% ISLAND-2007 STAEKKUN NORDURALS
% ------------------------------------------------------------------------------

Bus.con = [ ...
    1.0000  220.0000    1.0464   -0.0846    1.0000    1.0000;
    2.0000   13.8000    0.9900    0.0574    1.0000    4.0000;
    3.0000   13.8000    0.9900    0.0542    1.0000    4.0000;
    4.0000   13.8000    0.9922   -0.0381    1.0000    4.0000;
    5.0000   66.0000    0.9827    0.0295    1.0000    1.0000;
    6.0000   66.0000    0.9827    0.0295    1.0000    1.0000;
    7.0000  220.0000    1.0629   -0.0621    1.0000    1.0000;
    8.0000   10.5000    0.9900         0    1.0000    4.0000;
    9.0000   10.5000    0.9900         0    1.0000    4.0000;
   10.0000   10.5000    0.9900         0    1.0000    4.0000;
   11.0000  132.0000    0.9875   -0.0707    1.0000    1.0000;
   12.0000  220.0000    1.0604   -0.0648    1.0000    4.0000;
   13.0000   13.8000    0.9900    0.0459    1.0000    4.0000;
   14.0000   13.8000    0.9900    0.0459    1.0000    4.0000;
   15.0000  220.0000    1.0636   -0.0601    1.0000    1.0000;
   16.0000   11.0000    0.9900    0.0600    1.0000    4.0000;
   17.0000  220.0000    1.0464   -0.0898    1.0000    1.0000;
   18.0000   11.0000    1.0600    0.0024    1.0000    4.0000;
   19.0000   11.0000    1.0600    0.0024    1.0000    4.0000;
   20.0000  220.0000    1.0465   -0.0899    1.0000    1.0000;
   21.0000  220.0000    1.0442   -0.0897    1.0000    1.0000;
   22.0000   66.0000    0.9571   -0.0107    2.0000    2.0000;
   23.0000   66.0000    0.9686    0.0046    2.0000    2.0000;
   24.0000   66.0000    0.9616   -0.0196    2.0000    2.0000;
   25.0000  220.0000    1.0317   -0.1160    2.0000    1.0000;
   26.0000  132.0000    1.0297   -0.0847    2.0000    1.0000;
   27.0000   10.5000    1.0200   -0.0196    2.0000    4.0000;
   28.0000   10.5000    1.0200   -0.0193    2.0000    4.0000;
   29.0000   10.5000    1.0200   -0.0253    2.0000    4.0000;
   30.0000   66.0000    1.0126   -0.0408    2.0000    1.0000;
   31.0000   66.0000    1.0177   -0.0247    2.0000    1.0000;
   32.0000    6.6000    1.0300    0.0376    2.0000    4.0000;
   33.0000    6.6000    1.0300    0.0376    2.0000    4.0000;
   34.0000    6.6000    1.0177   -0.0247    2.0000    4.0000;
   35.0000   66.0000    1.0109   -0.0368    2.0000    1.0000;
   36.0000    6.6000    1.0234    0.0084    2.0000    4.0000;
   37.0000   11.0000    0.9854   -0.0803    2.0000    4.0000;
   38.0000   66.0000    1.0109   -0.0368    2.0000    2.0000;
   39.0000  220.0000    1.0235   -0.1300    1.0000    1.0000;
   40.0000  132.0000    1.0220   -0.1092    1.0000    1.0000;
   41.0000  220.0000    1.0238   -0.1296    2.0000    1.0000;
   42.0000   11.0000    1.0500   -0.0349    2.0000    3.0000;
   43.0000   11.0000    1.0500   -0.0349    2.0000    3.0000;
   44.0000   66.0000    0.9745   -0.0382    2.0000    2.0000;
   45.0000   33.0000    0.9227   -0.0677    2.0000    2.0000;
   46.0000  220.0000    1.0341   -0.1107    2.0000    1.0000;
   47.0000  132.0000    1.0220   -0.1092    2.0000    1.0000;
   48.0000  220.0000    1.0235   -0.1300    2.0000    1.0000;
   49.0000  132.0000    1.0335   -0.1199    2.0000    1.0000;
   50.0000   11.0000    1.0500   -0.0677    2.0000    3.0000;
   51.0000   11.0000    1.0500   -0.0677    2.0000    3.0000;
   52.0000   11.0000    1.0500   -0.0677    2.0000    3.0000;
   53.0000   11.0000    1.0500   -0.0677    2.0000    3.0000;
   54.0000   66.0000    1.0110   -0.0368    2.0000    3.0000;
   55.0000  132.0000    1.0331   -0.1205    2.0000    1.0000;
   56.0000  132.0000    1.0261   -0.1321    2.0000    1.0000;
   57.0000  220.0000    1.0212   -0.1400    2.0000    1.0000;
   58.0000  132.0000    1.0242   -0.1324    2.0000    1.0000;
   59.0000  132.0000    1.0214   -0.1345    2.0000    1.0000;
   60.0000   21.0000    0.9806   -0.2659    2.0000   10.0000;
   61.0000  220.0000    1.0119   -0.1493    2.0000   10.0000;
   62.0000  220.0000    1.0136   -0.1472    2.0000   10.0000;
   63.0000   33.0000    1.0000   -0.2304    2.0000   10.0000;
   64.0000  220.0000    1.0153   -0.1446    2.0000   10.0000;
   65.0000   33.0000    1.0347   -0.1446    2.0000   10.0000;
   66.0000  220.0000    1.0153   -0.1446    2.0000   10.0000;
   67.0000   33.0000    1.0347   -0.1446    2.0000   10.0000;
   68.0000   33.0000    1.0347   -0.1446    2.0000    1.0000;
   69.0000  132.0000    1.0233   -0.1348    2.0000    1.0000;
   70.0000   33.0000    1.0024   -0.1700    2.0000    3.0000;
   71.0000  220.0000    1.0153   -0.1446    2.0000    1.0000;
   72.0000  132.0000    1.0299   -0.1182    2.0000    1.0000;
   73.0000  132.0000    1.0292   -0.1188    2.0000    6.0000;
   74.0000   11.0000    1.0030   -0.1962    2.0000    6.0000;
   75.0000  220.0000    1.0215   -0.1339    2.0000    1.0000;
   76.0000  220.0000    1.0067   -0.2191    2.0000    1.0000;
   77.0000  132.0000    0.9859   -0.2126    2.0000    1.0000;
   78.0000   66.0000    1.0090   -0.2424    2.0000    1.0000;
   79.0000   11.0000    1.0090   -0.2424    2.0000    2.0000;
   80.0000  220.0000    1.0046   -0.2238    2.0000   11.0000;
   81.0000  220.0000    1.0043   -0.2259    2.0000   12.0000;
   82.0000  132.0000    1.0207   -0.1351    2.0000    3.0000;
   83.0000   11.0000    1.0595   -0.1524    2.0000    3.0000;
   84.0000  132.0000    1.0225   -0.1355    2.0000    3.0000;
   85.0000   11.0000    0.9942   -0.1707    2.0000    3.0000;
   86.0000  132.0000    1.0203   -0.1353    2.0000    3.0000;
   87.0000   11.0000    0.9969   -0.1362    2.0000    3.0000;
   88.0000  132.0000    1.0278   -0.1231    2.0000    3.0000;
   89.0000   11.0000    0.9760   -0.1582    2.0000    3.0000;
   90.0000  132.0000    1.0286   -0.1223    2.0000    3.0000;
   91.0000   11.0000    1.0175   -0.1407    2.0000    3.0000;
   92.0000  132.0000    1.0287   -0.1221    2.0000    3.0000;
   93.0000  132.0000    1.0295    0.0211    2.0000    5.0000;
   94.0000  132.0000    1.0336    0.0589    2.0000    5.0000;
   95.0000   11.0000    1.0336    0.0589    1.0000    5.0000;
   96.0000  132.0000    1.0318    0.0529    2.0000    5.0000;
   97.0000  132.0000    1.0333    0.0865    2.0000    5.0000;
   98.0000   11.0000    1.0300    0.1673    2.0000    5.0000;
   99.0000   11.0000    1.0300    0.1673    2.0000    5.0000;
  100.0000   11.0000    1.0333    0.0865    1.0000    5.0000;
  101.0000   11.0000    1.0333    0.0865    1.0000    5.0000;
  102.0000   11.0000    1.0500    0.1716    2.0000    5.0000;
  103.0000  132.0000    0.9835   -0.2044    3.0000    1.0000;
  104.0000   66.0000    0.9974   -0.2932    3.0000    1.0000;
  105.0000   19.0000    0.9793   -0.3247    3.0000    2.0000;
  106.0000    0.4100    0.9793   -0.3247    3.0000    2.0000;
  107.0000   11.0000    0.9974   -0.2932    3.0000    2.0000;
  108.0000   11.0000    0.9793   -0.3247    3.0000    2.0000;
  109.0000  132.0000    0.9916   -0.1494    3.0000    1.0000;
  110.0000   19.0000    0.9890   -0.1638    3.0000    2.0000;
  111.0000    0.4100    0.9890   -0.1638    3.0000    2.0000;
  112.0000   11.0000    0.9890   -0.1638    3.0000    2.0000;
  113.0000  132.0000    0.9895   -0.1742    3.0000    1.0000;
  114.0000   33.0000    1.0663   -0.1991    3.0000    7.0000;
  115.0000  132.0000    0.9805   -0.2101    3.0000    1.0000;
  116.0000   66.0000    0.9919   -0.2839    3.0000    1.0000;
  117.0000    6.3000    1.0332   -0.2433    3.0000    7.0000;
  118.0000   33.0000    1.0110   -0.2581    3.0000    7.0000;
  119.0000  132.0000    0.9925   -0.1297    3.0000    1.0000;
