% IEEE39 BUS test system 10 GENERATORS
% The original data source of the test system is:
%   https://electricgrids.engr.tamu.edu/electric-grid-test-cases/
%
% The dynamic parameters were compared and adjusted accordingly to IEEE PES-TR18
% Benchmark Systems for Small-Signal Stability Analysis and Control 
%   https://resourcecenter.ieee-pes.org/technical-publications/technical-reports/PESTR18.html
% 
% Timon Viola @ https://github.com/timonviola
%

Bus.con = [ ...
% bus no.     Vbase   V0      Th0   area no.  Reg no.    
      1        1    1.049  -0.1461    1    1;
      2        1    1.052  -0.1007    1    1;
      3        1    1.036  -0.1502    1    1;
      4        1    1.017   -0.166    1    1;
      5        1    1.014  -0.1472    1    1;
      6        1    1.011   -0.135    1    1;
      7        1    1.002  -0.1729    1    1;
      8        1    1.002  -0.1816    1    1;
      9        1    1.031  -0.1774    1    1;
     10        1    1.021 -0.09261    1    1;
     11        1    1.017   -0.107    1    1;
     12        1    1.005  -0.1068    1    1;
     13        1     1.02  -0.1047    1    1;
     14        1     1.02  -0.1328    1    1;
     15        1     1.02  -0.1369    1    1;
     16        1    1.035  -0.1112    1    1;
     17        1    1.038  -0.1295    1    1;
     18        1    1.036  -0.1448    1    1;
     19        1    1.051 -0.02131    1    1;
     20        1   0.9917 -0.03857    1    1;
     21        1    1.034  -0.0712    1    1;
     22        1    1.051  0.00439    1    1;
     23        1    1.046 -0.0003089    1    1;
     24        1    1.041  -0.1099    1    1;
     25        1     1.06 -0.07643    1    1;
     26        1    1.055 -0.09763    1    1;
     27        1    1.041  -0.1323    1    1;
     28        1    1.052  -0.0365    1    1;
     29        1    1.051  0.01155    1    1;
     30        1    1.048 -0.05864    1    1;
     31        1    0.982        0    1    1;
     32        1    0.983  0.04639    1    1;
     33        1    0.997  0.06973    1    1;
     34        1    1.012  0.05203    1    1;
     35        1    1.049   0.0909    1    1;
     36        1    1.064   0.1365    1    1;
     37        1    1.028  0.04177    1    1;
     38        1    1.027   0.1347    1    1;
     39        1     1.03  -0.1734    1    1;
   ];

SW.con = [ ...
     31      100        1    0.982        0        8       -5      1.1      0.9    5.473 1 1  1;
   ];

PV.con = [ ...
  30      200        1     1.25    1.048        4     -2.5      1.1      0.9 1  1;
  32      200        1     3.25    0.983        4     -2.5      1.1      0.9 1  1;
  33      200        1     3.16    0.997        4     -2.5      1.1      0.9 1  1;
  34      100        1     5.08    1.012        8       -3      1.1      0.9 1  1;
  35      200        1     3.25    1.049        4     -2.5      1.1      0.9 1  1;
  36      200        1      2.8    1.064        4     -2.5      1.1      0.9 1  1;
  37      200        1      2.7    1.028        4     -2.5      1.1      0.9 1  1;
  38      200        1     4.15    1.027        4     -2.5      1.1      0.9 1  1;
  39     2000        1      0.5     1.03     0.75     -0.5      1.1      0.9 1  1;
   ];

PQ.con = [ ...
   3 100        1     3.22    0.024      1.1      0.9 0 1;
   4 100        1        5     1.84      1.1      0.9 0 1;
   7 100        1    2.338     0.84      1.1      0.9 0 1;
   8 100        1     5.22     1.76      1.1      0.9 0 1;
  12 100        1    0.075     0.88      1.1      0.9 0 1;
  15 100        1      3.2     1.53      1.1      0.9 0 1;
  16 100        1    3.294    0.323      1.1      0.9 0 1;
  18 100        1     1.58      0.3      1.1      0.9 0 1;
  20 100        1     6.28     1.03      1.1      0.9 0 1;
  21 100        1     2.74     1.15      1.1      0.9 0 1;
  23 100        1    2.745    0.846      1.1      0.9 0 1;
  24 100        1    3.086   -0.922      1.1      0.9 0 1;
  25 100        1     2.24    0.472      1.1      0.9 0 1;
  26 100        1     1.39     0.17      1.1      0.9 0 1;
  27 100        1     2.81    0.755      1.1      0.9 0 1;
  28 100        1     2.06    0.276      1.1      0.9 0 1;
  29 100        1    2.835    0.269      1.1      0.9 0 1;
  31 100        1    0.092    0.046      1.1      0.9 0 1;
  39 100        1    11.04      2.5      1.1      0.9 0 1;
   1 100        1        0        0      1.1      0.9 0 1;
   2 100        1        0        0      1.1      0.9 0 1;
   5 100        1        0        0      1.1      0.9 0 1;
   6 100        1        0        0      1.1      0.9 0 1;
   9 100        1        0        0      1.1      0.9 0 1;
  10 100        1        0        0      1.1      0.9 0 1;
  11 100        1        0        0      1.1      0.9 0 1;
  13 100        1        0        0      1.1      0.9 0 1;
  14 100        1        0        0      1.1      0.9 0 1;
  17 100        1        0        0      1.1      0.9 0 1;
  19 100        1        0        0      1.1      0.9 0 1;
  22 100        1        0        0      1.1      0.9 0 1;
   ];

Shunt.con = [ ...
   4 100        1 60        0        1 1;
   5 100        1 60        0        2 1;
   ];

